LineLen = [1500 1000 1000 1000 1000 1500 1500 1500]'*0.0003048;


config601_Z = [0.3019 + 1i*1.0130 0.1366 + 1i*0.4001 0.1366 + 1i*0.4001;
               0.1366 + 1i*0.4001 0.3097 + 1i*0.9795 0.1366 + 1i*0.4000;
               0.1366 + 1i*0.4001 0.1366 + 1i*0.4001 0.3052 + 1i*0.9983];

config601_Y = [ 1i*5.961 -1i*1.332 -1i*1.332;
               -1i*1.332  1i*6.302 -1i*1.332;
               -1i*1.332 -1i*1.332  1i*5.641];
